pshape 1.6747507962187604 1.6334675472129607 1.5925002832194501 1.5434089997010088 eshape 1.0 1.0 1.0 1.0
pshape 1.5192392663396486 1.4430982978594131 1.5253453161896429 1.4059522931542585 eshape 1.0 1.0 1.0 1.0
pshape 1.46248007771688 1.4018349542742268 1.3866174620370748 1.3844930512485008 eshape 1.0 1.0 1.0 1.0
pshape 1.4332203071769747 1.3864670398539405 1.3837388567689841 1.3818674692954414 eshape 1.0 1.0 1.0 1.0
pshape 1.4207605732115158 1.380588893791617 1.385854997954952 1.3806879540555237 eshape 1.0 1.0 1.0 1.0
pshape 1.4248150736657024 1.3784603280751635 1.3918203063699341 1.380224711684062 eshape 1.0 1.0 1.0 1.0
pshape 1.4427431585382366 1.3775798940051347 1.4006817604724346 1.3801078044526676 eshape 1.0 1.0 1.0 1.0
pshape 1.4682220284419736 1.3772854248831836 1.4143633985374493 1.3803492476571968 eshape 1.0 1.0 1.0 1.0
pshape 1.5004057543133296 1.3767810569745667 1.4324787085630568 1.3804875108054797 eshape 1.0 1.0 1.0 1.0
pshape 1.542812532280772 1.3763193071577224 1.450987101603059 1.3805936988435887 eshape 1.0 1.0 1.0 1.0
pshape 1.579195104153853 1.3751932143241512 1.465980998148168 1.3804473176669219 eshape 1.0 1.0 1.0 1.0
pshape 1.6150869821363405 1.373927681913374 1.469469921787959 1.3802061542350241 eshape 1.0 1.0 1.0 1.0
pshape 1.6499985641127226 1.3729003325579037 1.4664576673259389 1.3799182046633531 eshape 1.0 1.0 1.0 1.0
pshape 1.6783522346277777 1.371879860462293 1.4628915876739317 1.3797654540310715 eshape 1.0 1.0 1.0 1.0
pshape 1.7025754431905205 1.3709202273567975 1.4574639848754518 1.379388063061262 eshape 1.0 1.0 1.0 1.0
pshape 1.7260041026892643 1.370064774753843 1.4528967027163544 1.378941814060965 eshape 1.0 1.0 1.0 1.0
pshape 1.743502917537988 1.3695799911455178 1.451034896358482 1.3787205760056518 eshape 1.0 1.0 1.0 1.0
pshape 1.757133346340678 1.369120620355029 1.449045970194825 1.3783522525765168 eshape 1.0 1.0 1.0 1.0
pshape 1.7719553187273662 1.3684931302124501 1.4470793165801186 1.3779281220095743 eshape 1.0 1.0 1.0 1.0
pshape 1.7844934321011012 1.3679694291562112 1.4453751535279806 1.3775679338476974 eshape 1.0 1.0 1.0 1.0
pshape 1.7985242674500073 1.367896648667905 1.4433167272879528 1.3773894472241073 eshape 1.0 1.0 1.0 1.0
pshape 1.8026841234426376 1.3668853393702884 1.4439716332810284 1.3767630106800197 eshape 1.0 1.0 1.0 1.0
pshape 1.8113291330084433 1.3663277365770197 1.4432559588198428 1.3763415520970534 eshape 1.0 1.0 1.0 1.0
pshape 1.8175670526742767 1.3662051126258075 1.442911316807449 1.3761919246173797 eshape 1.0 1.0 1.0 1.0
pshape 1.8214001202112422 1.3654468606539754 1.442865597737078 1.3756783997191782 eshape 1.0 1.0 1.0 1.0
pshape 1.8311500409586736 1.3652124076702288 1.4421631971239322 1.375440456748516 eshape 1.0 1.0 1.0 1.0
pshape 1.8338398410759371 1.3646389942036987 1.4425165406749034 1.37503394848643 eshape 1.0 1.0 1.0 1.0
pshape 1.8367118063761734 1.3640068442963116 1.441905947903825 1.374644617997206 eshape 1.0 1.0 1.0 1.0
pshape 1.8404222064091613 1.3635753708166842 1.4429193605088468 1.37429687466359 eshape 1.0 1.0 1.0 1.0
pshape 1.8440125505074092 1.363061260169291 1.4434313708721118 1.3738418195533193 eshape 1.0 1.0 1.0 1.0
pshape 1.8452817231951812 1.3627371412606972 1.4443487909325785 1.3734727712766936 eshape 1.0 1.0 1.0 1.0
pshape 1.8513047897587918 1.3620245199340875 1.4444725699621068 1.3728219221365177 eshape 1.0 1.0 1.0 1.0
pshape 1.851123587777394 1.361441083679362 1.4455648701147585 1.372380492392876 eshape 1.0 1.0 1.0 1.0
pshape 1.8558147424625515 1.3609191290888643 1.4451427495690847 1.3718088390166314 eshape 1.0 1.0 1.0 1.0
pshape 1.8539587756079514 1.3602288658919697 1.447258179635213 1.3711861741674187 eshape 1.0 1.0 1.0 1.0
pshape 1.8560762291853654 1.3597105265704772 1.44780672591153 1.3705205992417941 eshape 1.0 1.0 1.0 1.0
pshape 1.8577677167408155 1.3591637405228645 1.4494287094554936 1.3698412816697123 eshape 1.0 1.0 1.0 1.0
pshape 1.860333308768112 1.3585761219357542 1.4509757804791688 1.3689879232544166 eshape 1.0 1.0 1.0 1.0
pshape 1.860833289294202 1.3580874274674515 1.4526458168778056 1.3682732849341526 eshape 1.0 1.0 1.0 1.0
pshape 1.8665818582912173 1.357440442496745 1.4540312958904524 1.3673930473623106 eshape 1.0 1.0 1.0 1.0
pshape 1.8666217242979446 1.357014294079772 1.4549991337295716 1.3666075935639934 eshape 1.0 1.0 1.0 1.0
pshape 1.8645034278785326 1.35638989417806 1.4563704562731403 1.3655169554361082 eshape 1.0 1.0 1.0 1.0
pshape 1.8650953393934966 1.3557401850615862 1.4583702419554352 1.3643369948792508 eshape 1.0 1.0 1.0 1.0
pshape 1.8684729369984694 1.3552061547686673 1.4591465327079114 1.363405537966281 eshape 1.0 1.0 1.0 1.0
pshape 1.8679470350683267 1.3546182231268629 1.4610545524920564 1.36213887735761 eshape 1.0 1.0 1.0 1.0
pshape 1.4252893090877863 1.3785353633678041 1.3924542491044978 1.3802238280939731 eshape 1.0 1.0 1.0 1.0
pshape 1.4430736909997655 1.377515859051082 1.4016085538646001 1.3801635249184028 eshape 1.0 1.0 1.0 1.0
pshape 1.4711571873603828 1.3770337122202077 1.4152944667367542 1.380338669491156 eshape 1.0 1.0 1.0 1.0
pshape 1.5063240936608542 1.3768570124505422 1.436271528630474 1.380476866449378 eshape 1.0 1.0 1.0 1.0
pshape 1.5468132825565548 1.3760209641679308 1.4582333862856502 1.380574800393386 eshape 1.0 1.0 1.0 1.0
pshape 1.5866001886354781 1.375051837923269 1.4689891502977956 1.3804168021262864 eshape 1.0 1.0 1.0 1.0
pshape 1.6222178276617711 1.3736403725441948 1.471301089815228 1.3801765360365343 eshape 1.0 1.0 1.0 1.0
pshape 1.6551820125387924 1.3725572107714115 1.4670918065465115 1.3798553798871689 eshape 1.0 1.0 1.0 1.0
pshape 1.6813250864592213 1.3715899747786793 1.4639875556955881 1.3796458798913305 eshape 1.0 1.0 1.0 1.0
pshape 1.7058491803936433 1.3707539135584483 1.4579129101479225 1.3792268641820253 eshape 1.0 1.0 1.0 1.0
pshape 1.7274029408753022 1.3699041950518018 1.4548931159609655 1.3789089926284437 eshape 1.0 1.0 1.0 1.0
pshape 1.7471799245557398 1.3694326153756637 1.4526916469848399 1.378495978357567 eshape 1.0 1.0 1.0 1.0
pshape 1.7628762447567186 1.3689878069176422 1.4514490493775491 1.37810003544077 eshape 1.0 1.0 1.0 1.0
pshape 1.7767704159701203 1.3683445944083903 1.4492124930978798 1.377744952003918 eshape 1.0 1.0 1.0 1.0
pshape 1.787195274027605 1.3679053655895121 1.4480592475181544 1.3773605051296387 eshape 1.0 1.0 1.0 1.0
pshape 1.7954695152368212 1.3673851192931334 1.4461733005712767 1.3770533996560796 eshape 1.0 1.0 1.0 1.0
pshape 1.8068135417399103 1.3669850752684056 1.4448959301066473 1.3767274307200172 eshape 1.0 1.0 1.0 1.0
pshape 1.8131920209309977 1.366249313175433 1.4450928668710914 1.3762747173091447 eshape 1.0 1.0 1.0 1.0
pshape 1.8148100893209331 1.365822053150004 1.4445150766395827 1.3758958612968737 eshape 1.0 1.0 1.0 1.0
pshape 1.8228473344662053 1.3653252461816228 1.4441574657160294 1.3756023946430065 eshape 1.0 1.0 1.0 1.0
pshape 1.8255624950143943 1.3648095404260343 1.4438018545018705 1.3752726097014096 eshape 1.0 1.0 1.0 1.0
pshape 1.8310412810871681 1.364162942851734 1.4432867070199225 1.3747994273575999 eshape 1.0 1.0 1.0 1.0
pshape 1.8363894028947287 1.3636720228439358 1.443744271676768 1.3744043613254788 eshape 1.0 1.0 1.0 1.0
pshape 1.839428327585783 1.3632879577299855 1.4440668159873133 1.374030885349955 eshape 1.0 1.0 1.0 1.0
pshape 1.840730163098413 1.3625768133612395 1.443543438339316 1.373502945380022 eshape 1.0 1.0 1.0 1.0
pshape 1.8463116218989888 1.362258580343159 1.4458921741261523 1.3730634519800862 eshape 1.0 1.0 1.0 1.0
pshape 1.8477676453659255 1.3617392855539432 1.4471801358375593 1.3726147006991842 eshape 1.0 1.0 1.0 1.0
pshape 1.8517845345305821 1.361167036260451 1.4480701234450708 1.37192529773677 eshape 1.0 1.0 1.0 1.0
pshape 1.8527377202786182 1.3605404500783582 1.4490491991572005 1.3713312690197532 eshape 1.0 1.0 1.0 1.0
pshape 1.8567297648062737 1.3600897422880072 1.4503752850298852 1.3707932257843614 eshape 1.0 1.0 1.0 1.0
pshape 1.8586901186722415 1.3594803240172768 1.4518520093392455 1.3700003098142868 eshape 1.0 1.0 1.0 1.0
pshape 1.8589088374171896 1.3587953235387384 1.45273914373773 1.369301436672751 eshape 1.0 1.0 1.0 1.0
pshape 1.859732627234759 1.3583122154359113 1.4534297472245077 1.3684239212233373 eshape 1.0 1.0 1.0 1.0
pshape 1.864215830582507 1.3576538731413148 1.4560512974439033 1.3674898096605799 eshape 1.0 1.0 1.0 1.0
