pshape 1.7212778371304527 1.7080800034833616 1.667669304829436 1.6352997826256814 eshape 1.0 1.0 1.0 1.0
pshape 1.5415518970266295 1.4572978916833184 1.5097120705025826 1.409229702184555 eshape 1.0 1.0 1.0 1.0
pshape 1.4763846772714933 1.4072030152787687 1.3881535342001623 1.3855891631786001 eshape 1.0 1.0 1.0 1.0
pshape 1.4402259327860407 1.3883704826101635 1.3818111012890437 1.3820199323135156 eshape 1.0 1.0 1.0 1.0
pshape 1.4222561776109044 1.381755323772276 1.381782068982945 1.380678731564809 eshape 1.0 1.0 1.0 1.0
pshape 1.4192826126439322 1.3788033553577068 1.3839290989048811 1.3800566960816363 eshape 1.0 1.0 1.0 1.0
pshape 1.4257357866247993 1.3771446156766105 1.3865554802861024 1.379747999377969 eshape 1.0 1.0 1.0 1.0
pshape 1.4371528671881537 1.3764300585838036 1.3890957690038592 1.3796686906155733 eshape 1.0 1.0 1.0 1.0
pshape 1.452028452754405 1.3766075655958316 1.3920000813231879 1.3796764005692803 eshape 1.0 1.0 1.0 1.0
pshape 1.4718984405727364 1.375711476442952 1.3951925338306461 1.3796836592759065 eshape 1.0 1.0 1.0 1.0
pshape 1.4958192732200177 1.3753879745433464 1.3991027465088486 1.3796493601529547 eshape 1.0 1.0 1.0 1.0
pshape 1.5250506548195266 1.375348729557476 1.4051656362016753 1.3796440014922173 eshape 1.0 1.0 1.0 1.0
pshape 1.54849041451109 1.3749493396766619 1.4110952776839152 1.3795209735793794 eshape 1.0 1.0 1.0 1.0
pshape 1.572542895600485 1.3747912408502274 1.41618391908762 1.3794510620396816 eshape 1.0 1.0 1.0 1.0
pshape 1.5995801693020708 1.3748686828417098 1.4202431474864219 1.3793116236052776 eshape 1.0 1.0 1.0 1.0
pshape 1.6230449917542833 1.3745018199553438 1.4233994806694172 1.379164906387394 eshape 1.0 1.0 1.0 1.0
pshape 1.6499251944581612 1.3743767224896446 1.4268380123376594 1.3792235387449194 eshape 1.0 1.0 1.0 1.0
pshape 1.670711188412558 1.3738403958290166 1.4296498598189045 1.3791006169046234 eshape 1.0 1.0 1.0 1.0
pshape 1.6930135487259115 1.3731819892890755 1.4318220645466395 1.3789920010636445 eshape 1.0 1.0 1.0 1.0
pshape 1.7143105804417564 1.3723223574180226 1.4354515721741232 1.3790994634757232 eshape 1.0 1.0 1.0 1.0
pshape 1.7335605489698713 1.371110737669184 1.437929224565419 1.378999477988772 eshape 1.0 1.0 1.0 1.0
pshape 1.7503073212825158 1.3701179000736117 1.4373685488485648 1.3787157583692602 eshape 1.0 1.0 1.0 1.0
pshape 1.7650201340451503 1.3693423716548923 1.4359721259232938 1.3784268008709628 eshape 1.0 1.0 1.0 1.0
pshape 1.7783321244793657 1.3686757361613309 1.435246724420082 1.3779695274923833 eshape 1.0 1.0 1.0 1.0
pshape 1.7881296048434008 1.3681617301664672 1.4334117506011872 1.3776836275578594 eshape 1.0 1.0 1.0 1.0
pshape 1.7974590039308282 1.367426914881506 1.4327660861379614 1.3773562435492424 eshape 1.0 1.0 1.0 1.0
pshape 1.8045724372704626 1.3674881552995104 1.4310833308645685 1.3774504635075218 eshape 1.0 1.0 1.0 1.0
pshape 1.8122739979821854 1.3664595453460517 1.4316141913647935 1.3768504538027924 eshape 1.0 1.0 1.0 1.0
pshape 1.821731755803306 1.3658069737267118 1.4311973333513932 1.3764642298163425 eshape 1.0 1.0 1.0 1.0
pshape 1.823342880260475 1.3654279949731214 1.431102236766224 1.3761635693615046 eshape 1.0 1.0 1.0 1.0
pshape 1.8295049015368836 1.3649317338660565 1.4311562895633072 1.3758547900487899 eshape 1.0 1.0 1.0 1.0
pshape 1.8348754643471052 1.3642862663196813 1.431396514974715 1.375416545632271 eshape 1.0 1.0 1.0 1.0
pshape 1.838598243785981 1.36379289235065 1.4316484016031579 1.3751506118062666 eshape 1.0 1.0 1.0 1.0
pshape 1.8411709595950414 1.3633675945056116 1.431912051212609 1.3747045928645996 eshape 1.0 1.0 1.0 1.0
pshape 1.8482906755269977 1.3628650881312332 1.4332690936597883 1.3745111604116405 eshape 1.0 1.0 1.0 1.0
pshape 1.8491776772275637 1.3622986460064392 1.4336839539975412 1.3739030865706199 eshape 1.0 1.0 1.0 1.0
pshape 1.8516584523908297 1.3617865308250552 1.4342284982341953 1.3734970789713046 eshape 1.0 1.0 1.0 1.0
pshape 1.8531600094779057 1.3612273107952677 1.4358173859639813 1.3729673796838069 eshape 1.0 1.0 1.0 1.0
pshape 1.8527551008174517 1.3606479649698022 1.4362215865250385 1.3725263892577764 eshape 1.0 1.0 1.0 1.0
pshape 1.8588267214518748 1.3600344155008952 1.4370420897657803 1.372048465317289 eshape 1.0 1.0 1.0 1.0
pshape 1.8612435243839298 1.3594528796695475 1.4385905013150655 1.3715106969573059 eshape 1.0 1.0 1.0 1.0
pshape 1.86293205135029 1.3588481785075694 1.4395171311461459 1.3708813693877433 eshape 1.0 1.0 1.0 1.0
pshape 1.8620706652321775 1.3582316109450148 1.4406876617946256 1.3703701927663974 eshape 1.0 1.0 1.0 1.0
pshape 1.8641727176246865 1.3578071533672937 1.442246672133474 1.3696757405701625 eshape 1.0 1.0 1.0 1.0
pshape 1.8640755258681658 1.3572574724490538 1.4438279865307129 1.368990971523596 eshape 1.0 1.0 1.0 1.0
pshape 1.4260563239435005 1.3772756110401807 1.386845166507349 1.3797751003720597 eshape 1.0 1.0 1.0 1.0
pshape 1.4391811487742991 1.3766725125898498 1.3888393102550933 1.379715533517433 eshape 1.0 1.0 1.0 1.0
pshape 1.4535628177187374 1.3758835119232746 1.3913624040499497 1.3795832320841168 eshape 1.0 1.0 1.0 1.0
pshape 1.4749546300339984 1.3755458268121363 1.3949438554921445 1.379553485641988 eshape 1.0 1.0 1.0 1.0
pshape 1.5032210582858945 1.3753032880281844 1.4005169786678378 1.379631547416367 eshape 1.0 1.0 1.0 1.0
pshape 1.5312473397219357 1.3753434387885002 1.4069941786290558 1.3796411560179977 eshape 1.0 1.0 1.0 1.0
pshape 1.5571637950591786 1.3750009773057195 1.4106018137165623 1.37950615345007 eshape 1.0 1.0 1.0 1.0
pshape 1.5800802161157024 1.3749376265258786 1.4159373868323712 1.3793837225261736 eshape 1.0 1.0 1.0 1.0
pshape 1.6062437457293472 1.374703624144625 1.4199608966490689 1.3792484302434347 eshape 1.0 1.0 1.0 1.0
pshape 1.629721826939952 1.374631924073296 1.4234147230335354 1.3791527944430508 eshape 1.0 1.0 1.0 1.0
pshape 1.651717967045122 1.3744562057049154 1.4270444709752028 1.3790597355079217 eshape 1.0 1.0 1.0 1.0
pshape 1.6746998201957473 1.3738669558969825 1.4288972548349874 1.3790793134220518 eshape 1.0 1.0 1.0 1.0
pshape 1.6949603708043999 1.3729821158704791 1.4328906847962488 1.3790597977380836 eshape 1.0 1.0 1.0 1.0
pshape 1.7194595858651038 1.3719280105321738 1.4350616213499905 1.3790757032858343 eshape 1.0 1.0 1.0 1.0
pshape 1.738841820190168 1.3709513754594076 1.4354749263981939 1.3788826990321081 eshape 1.0 1.0 1.0 1.0
pshape 1.7575898177560276 1.3702354143604558 1.4354110137182967 1.378707732601037 eshape 1.0 1.0 1.0 1.0
pshape 1.7685460021005897 1.369738152946497 1.4355816709303084 1.3784866394377804 eshape 1.0 1.0 1.0 1.0
pshape 1.784417597652684 1.3686515452827974 1.4348282198618547 1.3779933277688459 eshape 1.0 1.0 1.0 1.0
pshape 1.7941105169859992 1.3682719715779845 1.4348815492883216 1.3778240784556939 eshape 1.0 1.0 1.0 1.0
pshape 1.8010149524622199 1.3678134883504658 1.433783025511374 1.3774818428106295 eshape 1.0 1.0 1.0 1.0
pshape 1.8100706759394094 1.3670967252375974 1.433038827674901 1.377217909542151 eshape 1.0 1.0 1.0 1.0
pshape 1.8163771110363167 1.3665270144668578 1.4327024132686697 1.3769106650729486 eshape 1.0 1.0 1.0 1.0
pshape 1.8182669324624754 1.3659676266850727 1.4331109427975646 1.3765311641552451 eshape 1.0 1.0 1.0 1.0
pshape 1.8277413470954358 1.3653778006743555 1.4323787798281054 1.3760529711569502 eshape 1.0 1.0 1.0 1.0
pshape 1.8298774571520968 1.364869817006327 1.4320845958907402 1.3757422507371477 eshape 1.0 1.0 1.0 1.0
pshape 1.837375752571111 1.3646136904978081 1.4326769500649843 1.3755431773135394 eshape 1.0 1.0 1.0 1.0
pshape 1.8403529932686908 1.3639528705105146 1.4327308117610764 1.375134204045774 eshape 1.0 1.0 1.0 1.0
pshape 1.8424542705955407 1.363533609778035 1.4329082595541145 1.374702170507239 eshape 1.0 1.0 1.0 1.0
pshape 1.847633791691448 1.3633559796178676 1.434349961956923 1.3745523707705627 eshape 1.0 1.0 1.0 1.0
pshape 1.848472517827273 1.3621728291770745 1.434699098359718 1.3737911222148915 eshape 1.0 1.0 1.0 1.0
pshape 1.8517917842987477 1.3618297574591964 1.435806670338962 1.373426507396452 eshape 1.0 1.0 1.0 1.0
pshape 1.8540640950002838 1.361375336687077 1.436225321618514 1.3730469844897444 eshape 1.0 1.0 1.0 1.0
pshape 1.855300910825728 1.3608687103043853 1.4380025361396969 1.372618678516261 eshape 1.0 1.0 1.0 1.0
