pshape 1.7213554604568297 1.698896426474579 1.642238930151518 1.598187545620177 eshape 1.0 1.0 1.0 1.0
pshape 1.602599670458187 1.5361270290892577 1.5317913814944213 1.450366786011424 eshape 1.0 1.0 1.0 1.0
pshape 1.5406449373434645 1.4631281448541364 1.5646863521710965 1.4175508631269305 eshape 1.0 1.0 1.0 1.0
pshape 1.4935329704033127 1.413708428361856 1.5214593636672804 1.3922807706029028 eshape 1.0 1.0 1.0 1.0
pshape 1.471152753127901 1.402925224018657 1.3889271703029018 1.3843618814026035 eshape 1.0 1.0 1.0 1.0
pshape 1.4525054327259244 1.3932279156099976 1.3838364695222078 1.382668750100856 eshape 1.0 1.0 1.0 1.0
pshape 1.4355642158950637 1.386109812709103 1.3821820763253096 1.3814353733670157 eshape 1.0 1.0 1.0 1.0
pshape 1.4275157396436124 1.3821165786768141 1.3850878155381194 1.380728685504158 eshape 1.0 1.0 1.0 1.0
pshape 1.4266960632097634 1.379615646546753 1.3936116192758483 1.380301842131935 eshape 1.0 1.0 1.0 1.0
pshape 1.4363637511616705 1.3782898177257328 1.4090685026356 1.3802258759365966 eshape 1.0 1.0 1.0 1.0
pshape 1.4574359778791612 1.3776190018669252 1.434138973859402 1.3805500915449338 eshape 1.0 1.0 1.0 1.0
pshape 1.4899934527160148 1.37675309313551 1.4661947346498696 1.3808747095671638 eshape 1.0 1.0 1.0 1.0
pshape 1.5222514683868043 1.3755379164874504 1.4900243048329218 1.3809928686914068 eshape 1.0 1.0 1.0 1.0
pshape 1.5518752616886087 1.3740906320867925 1.5019897815940841 1.3808621612115874 eshape 1.0 1.0 1.0 1.0
pshape 1.5786768860025207 1.3729936313577933 1.5048298203903239 1.380413433042586 eshape 1.0 1.0 1.0 1.0
pshape 1.603021400904973 1.3722596958580284 1.5044748280208395 1.3801703917405768 eshape 1.0 1.0 1.0 1.0
pshape 1.624390405394383 1.371483468498007 1.4990749038440803 1.3799247000527353 eshape 1.0 1.0 1.0 1.0
pshape 1.6410482438573646 1.3708820398454005 1.494885027580698 1.3795038062396594 eshape 1.0 1.0 1.0 1.0
pshape 1.6592310438593059 1.3703252477714527 1.488929193751614 1.3792282654243406 eshape 1.0 1.0 1.0 1.0
pshape 1.6769859106159681 1.3698546494052326 1.4836980758953457 1.37888638222049 eshape 1.0 1.0 1.0 1.0
pshape 1.6922088955387362 1.369336027395812 1.479041242252344 1.3786315245236813 eshape 1.0 1.0 1.0 1.0
pshape 1.7035150210481351 1.3689316551974162 1.4742664344379424 1.3783938545798877 eshape 1.0 1.0 1.0 1.0
pshape 1.7193397559415464 1.36868079854469 1.470683992779533 1.3781363550628223 eshape 1.0 1.0 1.0 1.0
pshape 1.7304634467699833 1.368217505118918 1.4677957043312262 1.378005492603757 eshape 1.0 1.0 1.0 1.0
pshape 1.745284061866015 1.3677752337347013 1.4664867192117088 1.377717983764018 eshape 1.0 1.0 1.0 1.0
pshape 1.7542040037157502 1.3675811537964764 1.4637429068832517 1.3776088992293332 eshape 1.0 1.0 1.0 1.0
pshape 1.7611420427855653 1.3668242476406314 1.46304109165576 1.3771950284633954 eshape 1.0 1.0 1.0 1.0
pshape 1.7714846471472898 1.366803244887691 1.460606541933706 1.377164853639147 eshape 1.0 1.0 1.0 1.0
pshape 1.7796679658332506 1.365955534794745 1.4595426598987062 1.3766271033658102 eshape 1.0 1.0 1.0 1.0
pshape 1.7855552027642647 1.3658784023846626 1.4574645273820293 1.376531844256323 eshape 1.0 1.0 1.0 1.0
pshape 1.7929607667228769 1.3654896185645984 1.4564516016477917 1.3763063882462312 eshape 1.0 1.0 1.0 1.0
pshape 1.7978801980612151 1.365042500343338 1.4548802972180346 1.3760197700700807 eshape 1.0 1.0 1.0 1.0
pshape 1.8031188919889731 1.3646349266432702 1.4539401630295732 1.3757302388374157 eshape 1.0 1.0 1.0 1.0
pshape 1.8054253673586147 1.3643095858269831 1.452630591127116 1.3755487147780656 eshape 1.0 1.0 1.0 1.0
pshape 1.814053048372518 1.3640561730337741 1.450692332206935 1.3753279519669535 eshape 1.0 1.0 1.0 1.0
pshape 1.8158040929916646 1.363791650970267 1.45100918113194 1.3751475163667184 eshape 1.0 1.0 1.0 1.0
pshape 1.8183745067874617 1.3632728865347725 1.4506178022171525 1.3747937656094154 eshape 1.0 1.0 1.0 1.0
pshape 1.8225553162276862 1.3629152065357881 1.4500829588421735 1.3744681401268595 eshape 1.0 1.0 1.0 1.0
pshape 1.8228843944930608 1.3627549085023052 1.4504726352119925 1.374364648362379 eshape 1.0 1.0 1.0 1.0
pshape 1.8295655699810898 1.362454862944193 1.4493686474533523 1.3740367891652294 eshape 1.0 1.0 1.0 1.0
pshape 1.8319844375413474 1.362181748735479 1.449487022689828 1.3738334741064837 eshape 1.0 1.0 1.0 1.0
pshape 1.8334804586149618 1.3616792538311195 1.4492813871025272 1.3734742735960388 eshape 1.0 1.0 1.0 1.0
pshape 1.8367949972992976 1.361459073206261 1.4487908530168723 1.3732351177448892 eshape 1.0 1.0 1.0 1.0
pshape 1.8374397419810702 1.3611423053088296 1.4499076596174427 1.3729600111920333 eshape 1.0 1.0 1.0 1.0
pshape 1.8401606540297413 1.3608570492628171 1.4493381274370936 1.3726908760649392 eshape 1.0 1.0 1.0 1.0
pshape 1.8421266714245206 1.3605404756697137 1.450450517634027 1.3723481276453604 eshape 1.0 1.0 1.0 1.0
pshape 1.8436833564172361 1.3602544249169504 1.4495444722835182 1.3720902495859297 eshape 1.0 1.0 1.0 1.0
pshape 1.8447348338355078 1.3598462212279572 1.4495955676792764 1.3717038884370012 eshape 1.0 1.0 1.0 1.0
pshape 1.8449144347396949 1.3594834720623328 1.449899507810691 1.3712117034556592 eshape 1.0 1.0 1.0 1.0
pshape 1.8470546216049637 1.3592645557306953 1.4501491001970945 1.3709728682186895 eshape 1.0 1.0 1.0 1.0
pshape 1.8482469136462834 1.3592957687020242 1.4511499854517136 1.3707728320435932 eshape 1.0 1.0 1.0 1.0
pshape 1.8478023304187343 1.3594134775516036 1.4519450445293935 1.3711351298256573 eshape 1.0 1.0 1.0 1.0
pshape 1.426768168170033 1.3796744101924403 1.3933487076812732 1.3802841782871411 eshape 1.0 1.0 1.0 1.0
pshape 1.4366765935369676 1.3783913170512583 1.4087307772971809 1.3802603985223896 eshape 1.0 1.0 1.0 1.0
pshape 1.4565366116079146 1.3776317264182962 1.4339277548928453 1.3805716521437756 eshape 1.0 1.0 1.0 1.0
pshape 1.488279627213852 1.3769063331693971 1.464890349087795 1.3808104523591866 eshape 1.0 1.0 1.0 1.0
pshape 1.5218765062493484 1.3757794939938117 1.4914675036246237 1.380837979147543 eshape 1.0 1.0 1.0 1.0
pshape 1.5506752822818601 1.3744700726399617 1.5035663698962052 1.380809799836943 eshape 1.0 1.0 1.0 1.0
pshape 1.5777922435253626 1.3733175638213648 1.5067738986233703 1.3805314987195196 eshape 1.0 1.0 1.0 1.0
pshape 1.6034258313936678 1.372640266248071 1.5023472530986195 1.3802499123643044 eshape 1.0 1.0 1.0 1.0
pshape 1.6232932076493782 1.3717041671142436 1.4999523138004693 1.37986249021609 eshape 1.0 1.0 1.0 1.0
pshape 1.6402356962186477 1.3711843459167707 1.495046346257637 1.3796008665656547 eshape 1.0 1.0 1.0 1.0
pshape 1.6566152389257225 1.3706037088856189 1.4893257556854347 1.3791710849480328 eshape 1.0 1.0 1.0 1.0
pshape 1.674639909307189 1.3701146646014253 1.4834274967573977 1.3789052503439903 eshape 1.0 1.0 1.0 1.0
pshape 1.6880931167783735 1.3700140742239915 1.480118073288472 1.3788030430135014 eshape 1.0 1.0 1.0 1.0
pshape 1.7012511291753991 1.3693799988472894 1.4759427883734735 1.378393483266002 eshape 1.0 1.0 1.0 1.0
pshape 1.713215138837775 1.369031393166874 1.472565599172062 1.3781469115719476 eshape 1.0 1.0 1.0 1.0
pshape 1.7265353683869606 1.368619999705459 1.4685850335398538 1.377953748110903 eshape 1.0 1.0 1.0 1.0
pshape 1.7370068153339173 1.36822424133202 1.4667419465254603 1.3778251689962553 eshape 1.0 1.0 1.0 1.0
pshape 1.7511230553703034 1.3675244250267022 1.4644106674964887 1.3773577163824187 eshape 1.0 1.0 1.0 1.0
pshape 1.75921798016804 1.3672559020140964 1.4628886879622012 1.377167491015051 eshape 1.0 1.0 1.0 1.0
pshape 1.7671383703955232 1.3667479031196448 1.4611014210595785 1.3770226371763639 eshape 1.0 1.0 1.0 1.0
pshape 1.7756347985399341 1.3663478158963915 1.45940210936746 1.3768113268579054 eshape 1.0 1.0 1.0 1.0
pshape 1.7830992048674856 1.3658392843573077 1.4586633196171859 1.3764474197812964 eshape 1.0 1.0 1.0 1.0
pshape 1.7905578900209693 1.3657338934052787 1.4573995201275955 1.3763656105435276 eshape 1.0 1.0 1.0 1.0
pshape 1.7956395328719343 1.3651993606045396 1.4549421860018108 1.3761035585313754 eshape 1.0 1.0 1.0 1.0
pshape 1.800882278053642 1.3648752449218016 1.4534867758336745 1.3758964933555515 eshape 1.0 1.0 1.0 1.0
pshape 1.8034713711815953 1.3645434407589598 1.453503320629411 1.3756990096309665 eshape 1.0 1.0 1.0 1.0
pshape 1.807921688961604 1.364223945557862 1.4523823557168256 1.3753308749566677 eshape 1.0 1.0 1.0 1.0
pshape 1.8144774196651898 1.3640180012970402 1.4510668643337155 1.3752405023322631 eshape 1.0 1.0 1.0 1.0
pshape 1.8208602521306325 1.3635394082751313 1.4498862882108612 1.374945867725424 eshape 1.0 1.0 1.0 1.0
pshape 1.8232705544885186 1.3633181041519893 1.4502583941313651 1.3747272678805404 eshape 1.0 1.0 1.0 1.0
pshape 1.8221626637935662 1.3631132803440063 1.450245515211021 1.3746118425734155 eshape 1.0 1.0 1.0 1.0
pshape 1.8281482333597343 1.3627786587657658 1.4502691872245617 1.3742321266305697 eshape 1.0 1.0 1.0 1.0
pshape 1.8274686952826673 1.3629453063266115 1.4498269981948164 1.374146030746511 eshape 1.0 1.0 1.0 1.0
pshape 1.8330637781627996 1.3621438729852415 1.4498807018529805 1.3736600289916796 eshape 1.0 1.0 1.0 1.0
pshape 1.8340560622246913 1.3619045920515311 1.449332470968503 1.3734878666933825 eshape 1.0 1.0 1.0 1.0
pshape 1.8348778814206679 1.3615463048357637 1.4496340729700938 1.3731091240172333 eshape 1.0 1.0 1.0 1.0
pshape 1.8370318263511392 1.361383068667531 1.4495964703553956 1.372860561091652 eshape 1.0 1.0 1.0 1.0
pshape 1.8399501411356083 1.3609585582395964 1.4493290202405824 1.372474060943034 eshape 1.0 1.0 1.0 1.0
pshape 1.8400872185267765 1.360704613086242 1.4494524820267929 1.372229596658346 eshape 1.0 1.0 1.0 1.0
